# x - average MSE
# y - (alpha - pi/4)^2
1.8429945861570604e-32 0.616850275068084
0.021704464921348764 0.32742240726802907
0.010942918270639956 0.7501541886803019
0.014540305598094355 0.8805673642916236
6.954965919949085e-29 0.616850275068017
3.145828132411702e-29 0.616850275068044
2.864820123550338e-30 0.6168502750680723
0.003799386606320084 1.1215791980370506
1.0813790695737956e-28 0.616850275068006
4.2866271385108454e-29 0.6168502750680379
1.3077138550939272e-29 0.6168502750680562
4.769357266099753e-29 0.6168502750680327
1.3982901397607563e-28 0.6168502750679941
5.71915553326107e-29 0.616850275068029
3.8616414588913633e-28 0.6168502750679281
1.5021595776176933e-29 0.6168502750680556
7.57065968510366e-29 0.6168502750680235
3.2528795844185324e-29 0.6168502750680452
3.923201148739436e-29 0.6168502750680397
1.0899826600560891e-29 0.616850275068061
2.2776514560334966e-29 0.6168502750680503
2.0423282885903423e-28 0.6168502750679733
4.5903303750696445e-29 0.6168502750680347
1.7920390883037983e-28 0.6168502750679783
2.895495036370551e-28 0.6168502750679546
0.016219784493513374 0.8721335229672834
0.012872832892766025 0.0739758152440727
2.8228431028375274e-29 0.6168502750680468
0.019628447351209763 0.4408725065856011
0.015233481134218496 1.2949236667932433
1.2283413335157331e-29 0.616850275068058
0.04379550598525251 1.684135686823371
0.010026859391440851 0.4526487167167768
0.03811535708222136 0.34669998773856386
0.013972075093284148 1.1300689804860253
0.05646384489653992 0.15780822940279512
0.013183775495456943 2.115937823653887
2.9314163454579476e-29 0.6168502750680491
0.003920381015965236 0.3424796730293168
0.02002621507635448 0.30547403386507094
0.013886229877112202 0.6623201144691223
0.02111217858988553 0.5102390631704484
0.059976511231811615 0.4065201530079209
0.016078594797178547 0.17251640121523368
0.013207280962800558 1.3815378667095544
1.574496876153271e-28 0.6168502750679825
0.022092206795211723 1.5927298609627518
0.020310091915628464 1.0669067231987777
0.0053590861049284694 0.344311562863617
0.0022540923832923597 0.6598058536021343
0.017599468043899363 0.5585284686560891
0.0013612363616028686 0.969847546173991
0.02432729381263017 2.7949445429149105
0.002830478271389913 1.0646516151130385
0.001228795145631082 0.527929937324764
0.0094899623287674 0.9710860047857814
0.025820706387546702 2.1356018734712916
0.007898392625220815 0.6047534959042189
0.004862162928480752 0.5460264259938522
0.006169145052560786 1.2359878621157459
0.013917295575912161 0.4589818464910486
0.012205918871252195 0.5977495715889706
3.1611152501643205e-28 0.6168502750679565
5.665589310555797e-28 0.6168502750679123
1.2640003145644446e-27 0.6168502750678007
6.028133335597121e-28 0.6168502750678815
9.322781807288452e-28 0.6168502750678578
5.732466045782968e-29 0.616850275068029
7.4179741378208895e-28 0.6168502750678847
5.454223882576964e-28 0.6168502750679009
4.303777997488428e-28 0.6168502750679248
0.006888425101214502 0.7063944020234468
0.026572676407548276 0.5315778723766904
0.008675163503076693 0.3574622854651095
0.008328964303801069 0.057860452077685046
0.017799997133756764 0.08997475966829518
0.0022658054298641877 0.6586919341544614
0.02946644764880179 0.04560834570814041
0.018666091873241773 0.06673402756330275
0.0401828703064705 0.5412254191213359
0.01166914587892028 0.327425794733131
0.040286386650722865 1.961989817265547
0.006803899999999939 1.0851912304036646
0.008094315995333204 0.3538518115994327
0.013713910759164472 0.1637317982485674
0.004505614508641941 0.6591288233261998
0.020361258095316 0.3801274716630103
0.017940616797280484 0.42912457296582773
0.012494149551893588 0.46632069796105313
0.04634998447078023 1.6230912087229272
1.2636665932248588e-27 0.6168502750678283
0.009981475037950225 0.18237350056334128
2.0082761191864312e-27 0.616850275067719
0.002425376746271548 0.9677119973828642
0.02708731354949414 0.09606853417946572
0.013941087603874146 1.806054285916753
0.0016646143149285702 0.8597134046226248
0.012284742955834442 0.25747490326592026
0.01041013666508746 0.6672116610526236
2.1836248952054596e-27 0.6168502750677076
0.00459249719238361 1.0785923131238462
0.018446979365079694 0.9462754561621429
0.00039860664006971747 0.6722952341711856
1.8636581714013517e-27 0.6168502750677629
2.128093496202377e-27 0.6168502750677259
1.6279737028442586e-28 0.616850275067996
1.623479455776663e-27 0.6168502750678111
1.0873529024240266e-27 0.6168502750678404
1.9297377871471312e-27 0.6168502750677595
1.4416890457963039e-27 0.6168502750678222
8.778006001562168e-28 0.6168502750678451
1.782172702719011e-27 0.6168502750677601
1.8787680981134655e-27 0.616850275067768
3.2853490834138486e-27 0.6168502750676416
1.6289579551144962e-27 0.6168502750677543
6.0714815487772765e-28 0.6168502750679
4.1578403292322265e-28 0.6168502750679302
2.276678597198067e-27 0.6168502750677008
2.2034300683815734e-27 0.6168502750677268
3.124348098873474e-27 0.6168502750676633
4.81482486096809e-35 0.6168502750680849
0.002433046118390852 1.0359388669800298
5.542967683019072e-28 0.6168502750678979
2.352145036318481e-27 0.6168502750677268
3.333081190109496e-27 0.6168502750676788
3.159052422395309e-27 0.6168502750676532
2.1223126538969593e-27 0.6168502750677619
3.7032115005487794e-27 0.6168502750676339
1.2617977675151168e-27 0.6168502750678011
0.04361641949189623 0.4560627678835212
4.634645351689417e-28 0.6168502750679286
1.906567066023542e-27 0.6168502750677947
0.0010026370518239017 0.005365840534018317
1.5446766014724735e-27 0.6168502750678035
0.00028913511653476024 0.0006859545696058363
0.00029635161890531267 0.0000017378574886929715
1.7892111507895376e-27 0.6168502750677589
0.00016635548361051928 0.00015142837687344085
0.0002632458472687212 0.000351854568886473
1.9038641504044728e-28 0.6168502750679807
0.003426779444856827 0.03450508589705186
8.577688335215172e-28 0.6168502750678723
0.00010017483339891614 0.0002650719840014275
7.261537554982522e-27 0.6168502750674532
0.0020440813172324028 0.10206536282772742
6.525538513712993e-28 0.6168502750678863
1.5983994101702886e-27 0.6168502750677937
4.215960313332722e-27 0.6168502750676108
0.00021953702314283382 0.0006594420320570596
0.00011497332372056237 0.00010634968543201287
2.6548966127478206e-27 0.6168502750676808
0.00035186791464839116 0.00011342296340005828
0.0001819613648380669 0.00007064515234566836
0.000261495910768136 0.0002531434353395117
1.4614118316496296e-27 0.6168502750677882
0.00019564235041097248 0.00023904421117904766
0.0002211127912090661 0.0001383834462109449
0.00023293035572766386 1.4217549265113302e-9
0.00017181698334420127 0.00006026859088848282
0.00016584629759586354 0.0008595359107939704
1.238932286743325e-27 0.6168502750678334
0.0014681383090355527 0.3540200160202486
0.00031480860534194776 0.000022135711036337628
0.00010965822957553518 9.874465831190115e-7
0.00021266543084481662 0.0005779496282518892
0.00014146642575599264 0.00011426124543583478
3.2475790454809834e-27 0.6168502750676412
0.00025151741978519357 0.0004683347525578814
0.0014579029857074456 0.031115313544261947
0.00023667460228205559 0.0008017387225999921
0.000102688194510187 0.00018233566450133825
0.00022239169750772633 0.00000773456005306265
0.00020709500407686422 0.00001017639839677083
0.0003423241916474236 0.0008040157032899454
0.000193035670027352 0.000042938557171586864
0.00015326985854176412 0.00002577984079802201
2.8774138550226875e-27 0.6168502750676917
0.00019156616484112936 0.00011472396384725793
0.0001838587856926515 5.4882268971441217e-8
0.00023977459223997952 0.0013565197914587406
0.0002524262207498008 0.00025124095120230563
0.00013124042574400485 0.00011484108602944
0.00026296854896234106 0.00006822869786169749
0.00018668792335740675 0.00005306904335241384
0.00012588942307759915 0.00005500073344073552
0.00019066000627760143 0.0000016633654179094132
2.705533596496652e-28 0.616850275067968
0.0012370984777892809 0.014435003703755745
4.50907994835678e-27 0.6168502750675353
0.00017006310311295527 0.0002093816027426554
0.0001535069243165815 0.0003058387794521343
0.0002485160485026116 0.00004408995776571108
0.0002045347741998276 0.00025609407300654976
0.0002658496524674998 0.000013251864579728557
0.0001868605330462278 0.0000012536894715213486
0.00014819675747382665 0.000022487134653392366
1.891192416059277e-27 0.616850275067797
0.00019282543638821155 0.000019099689332937517
0.00015201900094245904 0.0001230461492418517
0.00012567242895256432 0.00011802207147418814
0.0001844979992379841 0.00002948646703121017
0.0002531171454234017 0.000027086065070948536
0.00018147053049917297 0.000033810767284843094
0.00019799350700979075 0.00032278368983437066
0.00013348234349929247 0.00018970951383355788
3.203824075790985e-27 0.6168502750676471
6.4288707301438914e-27 0.6168502750674325
0.0001911329076670434 0.00011796681266011043
0.00014016533870555905 0.000071163990210427
0.00018277549903466666 0.000009694037182982978
0.00010648920238740957 0.00007623967737933005
0.00009222598705767635 0.0002608464130222304
0.00012264388145724684 0.00016615320759819525
4.919875415156534e-27 0.6168502750675317
0.0001732951701691249 0.00011869753200498277
0.00015594789940537 0.00014144570981432285
1.771872756418457e-27 0.616850275067786
0.00023616890420797632 0.0004121077841893125
2.7129998644927487e-27 0.6168502750677143
1.2342927817770776e-26 0.6168502750672417
0.00346699799838299 0.8848649092575556
4.237289598669703e-27 0.6168502750676085
0.00019007879924948457 0.6615505408204173
0.0027157184463969795 0.6914114634493338
0.0012409874309166824 0.9011244569170177
0.0010090461795806908 0.5640614365646747
2.5139109086877406e-27 0.6168502750677023
0.00532495446043458 0.13520802974638674
0.0025752231056680574 0.49131784514356225
0.008741091636992876 0.4950382418198441
0.01761500256095376 0.8982527002931309
0.0009433849859739436 0.5860155098659401
0.00983219819298404 1.1777681120205477
3.1350845258326892e-27 0.6168502750676566
5.591281279401735e-28 0.6168502750679321
5.2132373346551315e-27 0.6168502750675557
4.479929973885388e-27 0.6168502750676768
0.0207586766679841 0.9367479226781368
0.004582770032467792 1.0463902946059724
0.01960413982927786 0.6846884645813739
0.007637958924949291 0.26054683806827855
0.022910550374754434 0.11637852749045997
0.0031570486462890743 0.4240676428429807
0.005074424428591716 0.6858199716480988
0.00045140221051854774 0.6607992006889041
0.02949191534558258 0.5425166212386086
2.045971070594315e-27 0.6168502750677397
0.002270289456160034 0.7541113950131102
0.02097782247471483 0.48176016235877644
0.008765881738888419 0.09080994924468694
0.0076494878371919164 1.0884855958193476
0.014774340439932374 0.14373861024424814
0.019022554837667308 0.35877131786794353
0.04114723334128997 0.558488545434653
1.2580570407388806e-26 0.6168502750672255
8.987282027775132e-27 0.616850275067471
5.416463579009222e-27 0.6168502750675352
0.005120628367234676 0.6580048665477093
0.020203865156016243 0.5165327114102252
0.006199614454613998 0.4951991895847198
0.0003902703238598977 0.5066060953476847
0.00726933780546172 0.17324918601482114
0.021146204060258016 0.7362030915371596
0.0255044054819469 0.8172432696706985
0.008866330410189688 1.0495545680878315
1.3033499207763676e-27 0.6168502750678035
0.015563715325380787 0.8542474255964898
0.013211837298541307 0.967211893523053
0.020602254568429526 0.5565667759440085
0.008062758764203821 1.374850570318584
0.026594122452888187 0.05506139274271608
0.005745559517377075 0.3986850622468058
0.011890846779268611 0.4523725351887298
0.03529107806486809 0.94365328047817
0.009252775262645892 0.5116139240094444
0.030724437262356488 1.83655821030341
0.00007976668093090248 0.6690678653422695
0.006375912488634861 0.35535628640238665
0.0009626242567462886 0.728961019366353
0.03620362969588303 0.839601775489206
0.023079033110477824 1.0493923623810195
0.0019724345448692343 0.8562060314967058
0.037335725422883874 0.36208651618930954
0.020395220064497902 1.4006984086601875
0.01880924671052678 0.8007892895694154
0.0133503712917974 0.03267151000234406
0.00741219749518713 0.9511696252132807
0.009903782849604354 0.584345558633853
0.00565747705543572 1.0161813035870442
0.012008964781852855 1.496110823565592
0.007820912496390948 1.3624711984118292
0.014098419772123129 0.44807561044713745
0.0025591229811656327 0.6139907312748609
0.054004389469881904 1.0090865772532962
0.011789747816817657 0.0678936080312953
0.017486803524639064 0.9618093360865253
0.043646687184916 2.1336445542421174
0.00942575311766911 0.41612482498714864
0.018066253365003872 0.6326907686551339
0.009747846919869772 0.42016640426212637
0.02875682389262804 0.8102983829287194
0.001512922359783159 0.5196722572807101
0.02919758834332532 0.04506378488612389
0.0022290962092039973 0.7882735097330045
0.01150532253985991 1.1170244213213736
0.0069967590631367215 0.566302418990908
0.008428888801879218 0.7724851263869902
0.015113503711277426 0.1802813130010887
0.012509558634222871 0.6059955643770095
0.004870561748001369 0.21074094917140515
0.031785001025290624 1.2337835460577868
